31.69 122.50 500.00
31.85 123.00 500.00
32.00 123.50 500.00
32.17 124.00 500.00
32.35 124.50 500.00
30.00 122.70 500.00
30.00 123.10 500.00
30.00 123.50 500.00
30.00 123.90 500.00
30.00 124.30 500.00
30.00 124.70 500.00
30.00 125.10 500.00
30.00 125.50 500.00
30.00 125.90 500.00
29.58 125.55 500.00
29.07 125.18 500.00
28.57 124.78 500.00
28.72 124.50 500.00
28.87 124.22 500.00
29.02 123.94 500.00
29.17 123.65 500.00
29.32 123.37 500.00
29.47 123.09 500.00
29.62 122.81 500.00
28.63 122.28 500.00
28.47 122.58 500.00
28.31 122.88 500.00
28.16 123.18 500.00
28.00 123.48 500.00
27.84 123.78 500.00
27.46 123.19 500.00
27.80 121.63 500.00
27.63 121.90 500.00
27.45 122.17 500.00
27.28 122.43 500.00
27.10 122.70 500.00
27.00 120.93 500.00
26.82 121.23 500.00
26.63 121.53 500.00
26.45 121.82 500.00
26.27 122.12 500.00
26.08 122.42 500.00
28.21 124.28 500.00
26.68 122.39 500.00
31.16 122.56 500.00
30.49 122.67 500.00
29.17 122.57 500.00
27.42 121.32 500.00
25.50 122.60 500.00
31.85 124.86 500.00
31.38 125.12 500.00
30.93 125.40 500.00
30.45 125.68 500.00
